This is cutadapt 4.7 with Python 3.10.14
Command line parameters: -j 16 -a AGATCGGAAGAGCACACGTCTGAA -m 24 --discard-untrimmed -o data/2-adapter_removed/rep1-rna-am.fq.gz data_raw/rep1-rna-am.fq.gz
Processing single-end reads on 16 cores ...
Finished in 235.159 s (0.828 µs/read; 72.47 M reads/minute).

=== Summary ===

Total reads processed:             284,033,454
Reads with adapters:               257,845,391 (90.8%)

== Read fate breakdown ==
Reads that were too short:           3,457,356 (1.2%)
Reads written (passing filters):   254,388,035 (89.6%)

Total basepairs processed: 21,586,542,504 bp
Total written (filtered):  9,068,367,940 bp (42.0%)

=== Adapter 1 ===

Sequence: AGATCGGAAGAGCACACGTCTGAA; Type: regular 3'; Length: 24; Trimmed: 257845391 times

Minimum overlap: 3
No. of allowed errors:
1-9 bp: 0; 10-19 bp: 1; 20-24 bp: 2

Bases preceding removed adapters:
  A: 27.5%
  C: 22.8%
  G: 7.6%
  T: 42.1%
  none/other: 0.0%

Overview of removed sequences
length	count	expect	max.err	error counts
3	49383	4438022.7	0	49383
4	11094	1109505.7	0	11094
5	1666	277376.4	0	1666
6	1343	69344.1	0	1343
7	1029	17336.0	0	1029
8	1191	4334.0	0	1191
9	4761	1083.5	0	4746 15
10	2268	270.9	1	2130 138
11	3327	67.7	1	3219 108
12	3914	16.9	1	3781 133
13	6165	4.2	1	6005 160
14	10147	1.1	1	9894 253
15	16486	0.3	1	16045 441
16	30346	0.1	1	29670 676
17	56442	0.0	1	55068 1374
18	96663	0.0	1	93651 2988 24
19	164904	0.0	1	160255 4546 103
20	313681	0.0	2	303673 8954 1054
21	377948	0.0	2	365596 10972 1380
22	500728	0.0	2	474813 22228 3687
23	662937	0.0	2	629698 26757 6482
24	831198	0.0	2	797721 28535 4942
25	1092386	0.0	2	1050290 36305 5791
26	1399643	0.0	2	1344830 47033 7780
27	1796049	0.0	2	1729284 58001 8764
28	2060330	0.0	2	1982183 67476 10671
29	2468549	0.0	2	2372973 81832 13744
30	3167717	0.0	2	3055993 98933 12791
31	3560216	0.0	2	3438227 108824 13165
32	4281989	0.0	2	4144066 124205 13718
33	5546313	0.0	2	5371043 159507 15763
34	6369592	0.0	2	6172632 179578 17382
35	7477366	0.0	2	7253145 206148 18073
36	9087576	0.0	2	8817245 247104 23227
37	10492422	0.0	2	10167136 297633 27653
38	13226019	0.0	2	12835738 360496 29785
39	13822948	0.0	2	13421202 372111 29635
40	17561325	0.0	2	17053169 469304 38852
41	20887586	0.0	2	20285210 556196 46180
42	26383865	0.0	2	25633373 695385 55107
43	30272612	0.0	2	29367330 831924 73358
44	28697545	0.0	2	27845305 785286 66954
45	13650027	0.0	2	13224869 389620 35538
46	6030764	0.0	2	5839723 174471 16570
47	5161149	0.0	2	4996987 150058 14104
48	4888481	0.0	2	4731449 142771 14261
49	4113747	0.0	2	3980320 120571 12856
50	3330917	0.0	2	3225390 96360 9167
51	2591702	0.0	2	2503889 79732 8081
52	1821579	0.0	2	1759446 56149 5984
53	1239789	0.0	2	1199404 36533 3852
54	824025	0.0	2	796089 25321 2615
55	524288	0.0	2	505542 16977 1769
56	370085	0.0	2	356395 12234 1456
57	220773	0.0	2	212855 7125 793
58	89567	0.0	2	85410 3709 448
59	51782	0.0	2	49264 2185 333
60	38596	0.0	2	36781 1580 235
61	30306	0.0	2	26768 3025 513
62	27765	0.0	2	25541 1175 1049
63	6303	0.0	2	5655 439 209
64	2874	0.0	2	2599 179 96
65	2008	0.0	2	1796 140 72
66	10495	0.0	2	9569 574 352
67	1573	0.0	2	1497 55 21
68	717	0.0	2	593 58 66
69	985	0.0	2	930 39 16
70	677	0.0	2	608 54 15
71	628	0.0	2	485 93 50
72	369	0.0	2	336 23 10
73	602	0.0	2	512 67 23
74	7454	0.0	2	7108 286 60
75	198	0.0	2	127 65 6
76	5497	0.0	2	2126 375 2996
This is cutadapt 4.7 with Python 3.10.14
Command line parameters: -j 16 -a AGATCGGAAGAGCACACGTCTGAA -m 24 --discard-untrimmed -o data/2-adapter_removed/rep1-rna-ap.fq.gz data_raw/rep1-rna-ap.fq.gz
Processing single-end reads on 16 cores ...
Finished in 336.862 s (0.962 µs/read; 62.36 M reads/minute).

=== Summary ===

Total reads processed:             350,139,541
Reads with adapters:               337,083,214 (96.3%)

== Read fate breakdown ==
Reads that were too short:           2,291,156 (0.7%)
Reads written (passing filters):   334,792,058 (95.6%)

Total basepairs processed: 26,610,605,116 bp
Total written (filtered):  12,568,236,541 bp (47.2%)

=== Adapter 1 ===

Sequence: AGATCGGAAGAGCACACGTCTGAA; Type: regular 3'; Length: 24; Trimmed: 337083214 times

Minimum overlap: 3
No. of allowed errors:
1-9 bp: 0; 10-19 bp: 1; 20-24 bp: 2

Bases preceding removed adapters:
  A: 31.8%
  C: 17.1%
  G: 8.8%
  T: 42.4%
  none/other: 0.0%

Overview of removed sequences
length	count	expect	max.err	error counts
3	66325	5470930.3	0	66325
4	16679	1367732.6	0	16679
5	9276	341933.1	0	9276
6	10739	85483.3	0	10739
7	14098	21370.8	0	14098
8	19083	5342.7	0	19083
9	29040	1335.7	0	28920 120
10	37653	333.9	1	35465 2188
11	52826	83.5	1	51200 1626
12	76786	20.9	1	73426 3360
13	119009	5.2	1	115318 3691
14	180727	1.3	1	174752 5975
15	262837	0.3	1	253516 9321
16	385513	0.1	1	372247 13266
17	547422	0.0	1	528473 18949
18	762387	0.0	1	725987 36261 139
19	1063195	0.0	1	1021982 40605 608
20	1605185	0.0	2	1524796 70047 10342
21	1714063	0.0	2	1630526 72596 10941
22	2014305	0.0	2	1861767 130537 22001
23	2427954	0.0	2	2268695 132176 27083
24	2723588	0.0	2	2565075 134978 23535
25	3270622	0.0	2	3087674 156624 26324
26	3795352	0.0	2	3581137 183837 30378
27	4357581	0.0	2	4119088 204782 33711
28	4662799	0.0	2	4401579 225889 35331
29	5072306	0.0	2	4778194 253036 41076
30	6110474	0.0	2	5779345 290128 41001
31	6425345	0.0	2	6077114 303963 44268
32	7429961	0.0	2	7040755 343321 45885
33	8918755	0.0	2	8459576 401109 58070
34	10072166	0.0	2	9557889 453804 60473
35	11305914	0.0	2	10729756 503910 72248
36	13304546	0.0	2	12614890 608723 80933
37	15406936	0.0	2	14609974 707453 89509
38	18747762	0.0	2	17791762 857562 98438
39	19605488	0.0	2	18582465 909154 113869
40	24016190	0.0	2	22841039 1035783 139368
41	27892461	0.0	2	26491181 1246036 155244
42	32666467	0.0	2	31048855 1450295 167317
43	34205847	0.0	2	32462908 1555451 187488
44	30096626	0.0	2	28573100 1348205 175321
45	14417646	0.0	2	13639885 690923 86838
46	5081648	0.0	2	4803392 243109 35147
47	3610706	0.0	2	3403677 180168 26861
48	3122868	0.0	2	2943977 156664 22227
49	2459605	0.0	2	2319802 121464 18339
50	1967504	0.0	2	1859699 93965 13840
51	1520098	0.0	2	1432887 76099 11112
52	1109695	0.0	2	1048283 53692 7720
53	789609	0.0	2	745452 38580 5577
54	542268	0.0	2	512120 26311 3837
55	367241	0.0	2	346030 18655 2556
56	269963	0.0	2	254580 13465 1918
57	152372	0.0	2	143524 7734 1114
58	54794	0.0	2	51322 3034 438
59	27435	0.0	2	25612 1571 252
60	19840	0.0	2	18530 1135 175
61	15325	0.0	2	14050 1107 168
62	22469	0.0	2	20914 1246 309
63	3777	0.0	2	3457 247 73
64	2073	0.0	2	1917 131 25
65	1585	0.0	2	1478 80 27
66	5081	0.0	2	4625 352 104
67	1655	0.0	2	1532 109 14
68	865	0.0	2	773 65 27
69	1245	0.0	2	1157 78 10
70	984	0.0	2	931 48 5
71	848	0.0	2	727 86 35
72	395	0.0	2	362 22 11
73	751	0.0	2	682 51 18
74	7525	0.0	2	7134 348 43
75	133	0.0	2	97 32 4
76	2923	0.0	2	1710 278 935
This is cutadapt 4.7 with Python 3.10.14
Command line parameters: -j 16 -a AGATCGGAAGAGCACACGTCTGAA -m 24 --discard-untrimmed -o data/2-adapter_removed/rep2-rna-ap.fq.gz data_raw/rep2-rna-ap.fq.gz
Processing single-end reads on 16 cores ...
Finished in 189.861 s (0.945 µs/read; 63.46 M reads/minute).

=== Summary ===

Total reads processed:             200,807,261
Reads with adapters:               194,927,836 (97.1%)

== Read fate breakdown ==
Reads that were too short:           1,998,316 (1.0%)
Reads written (passing filters):   192,929,520 (96.1%)

Total basepairs processed: 15,261,351,836 bp
Total written (filtered):  7,643,087,135 bp (50.1%)

=== Adapter 1 ===

Sequence: AGATCGGAAGAGCACACGTCTGAA; Type: regular 3'; Length: 24; Trimmed: 194927836 times

Minimum overlap: 3
No. of allowed errors:
1-9 bp: 0; 10-19 bp: 1; 20-24 bp: 2

Bases preceding removed adapters:
  A: 16.8%
  C: 24.4%
  G: 8.5%
  T: 50.3%
  none/other: 0.0%

Overview of removed sequences
length	count	expect	max.err	error counts
3	45858	3137613.5	0	45858
4	28015	784403.4	0	28015
5	28059	196100.8	0	28059
6	28403	49025.2	0	28403
7	33799	12256.3	0	33799
8	41144	3064.1	0	41144
9	52081	766.0	0	51976 105
10	61534	191.5	1	60440 1094
11	79996	47.9	1	78798 1198
12	107293	12.0	1	105422 1871
13	153512	3.0	1	151315 2197
14	238621	0.7	1	235026 3595
15	381749	0.2	1	375451 6298
16	593244	0.0	1	583998 9246
17	860317	0.0	1	845366 14951
18	1090222	0.0	1	1067494 22586 142
19	1427145	0.0	1	1399382 27493 270
20	2167756	0.0	2	2112858 51113 3785
21	1992419	0.0	2	1944047 45138 3234
22	2181357	0.0	2	2109165 65229 6963
23	2478116	0.0	2	2375635 90447 12034
24	2557980	0.0	2	2478053 72746 7181
25	2946341	0.0	2	2859764 80016 6561
26	3230546	0.0	2	3136035 87431 7080
27	3722095	0.0	2	3614732 99503 7860
28	3776294	0.0	2	3663665 103970 8659
29	4036820	0.0	2	3914886 111770 10164
30	4753872	0.0	2	4617356 127456 9060
31	4837850	0.0	2	4699454 129052 9344
32	5604084	0.0	2	5445263 149916 8905
33	6637257	0.0	2	6453393 173762 10102
34	7139128	0.0	2	6939430 188600 11098
35	7522234	0.0	2	7308412 201991 11831
36	8753155	0.0	2	8507935 232267 12953
37	9250644	0.0	2	8992436 244025 14183
38	11870506	0.0	2	11544091 309958 16457
39	11020537	0.0	2	10702253 301868 16416
40	13773908	0.0	2	13380223 372537 21148
41	14674614	0.0	2	14254437 397463 22714
42	15971452	0.0	2	15512254 434706 24492
43	15181349	0.0	2	14731027 426239 24083
44	9922266	0.0	2	9621373 285711 15182
45	3341715	0.0	2	3238006 97927 5782
46	1955941	0.0	2	1894641 57719 3581
47	1595442	0.0	2	1544200 48292 2950
48	1345267	0.0	2	1301379 41208 2680
49	1094562	0.0	2	1058391 33856 2315
50	949133	0.0	2	917460 29723 1950
51	769540	0.0	2	743002 24864 1674
52	624348	0.0	2	602848 20105 1395
53	517309	0.0	2	499148 17075 1086
54	399156	0.0	2	384821 13418 917
55	331289	0.0	2	319152 11341 796
56	284130	0.0	2	273892 9576 662
57	192375	0.0	2	185044 6856 475
58	73402	0.0	2	70551 2653 198
59	37726	0.0	2	36174 1427 125
60	29953	0.0	2	28673 1186 94
61	29494	0.0	2	28177 1215 102
62	52160	0.0	2	50007 2047 106
63	8422	0.0	2	7945 431 46
64	3812	0.0	2	3592 201 19
65	2210	0.0	2	2104 98 8
66	8670	0.0	2	8182 462 26
67	1919	0.0	2	1803 112 4
68	729	0.0	2	680 43 6
69	1049	0.0	2	986 54 9
70	893	0.0	2	839 50 4
71	667	0.0	2	614 41 12
72	306	0.0	2	289 16 1
73	846	0.0	2	786 51 9
74	15489	0.0	2	14705 734 50
75	308	0.0	2	266 36 6
76	6002	0.0	2	5025 443 534
This is cutadapt 4.7 with Python 3.10.14
Command line parameters: -j 16 -a AGATCGGAAGAGCACACGTCTGAA -m 24 --discard-untrimmed -o data/2-adapter_removed/rep2-rna-am.fq.gz data_raw/rep2-rna-am.fq.gz
Processing single-end reads on 16 cores ...
Finished in 178.088 s (0.945 µs/read; 63.52 M reads/minute).

=== Summary ===

Total reads processed:             188,532,026
Reads with adapters:               177,567,587 (94.2%)

== Read fate breakdown ==
Reads that were too short:           1,896,947 (1.0%)
Reads written (passing filters):   175,670,640 (93.2%)

Total basepairs processed: 14,328,433,976 bp
Total written (filtered):  7,059,150,597 bp (49.3%)

=== Adapter 1 ===

Sequence: AGATCGGAAGAGCACACGTCTGAA; Type: regular 3'; Length: 24; Trimmed: 177567587 times

Minimum overlap: 3
No. of allowed errors:
1-9 bp: 0; 10-19 bp: 1; 20-24 bp: 2

Bases preceding removed adapters:
  A: 12.3%
  C: 33.8%
  G: 8.6%
  T: 45.3%
  none/other: 0.0%

Overview of removed sequences
length	count	expect	max.err	error counts
3	127727	2945812.9	0	127727
4	89705	736453.2	0	89705
5	90595	184113.3	0	90595
6	91039	46028.3	0	91039
7	99625	11507.1	0	99625
8	108455	2876.8	0	108455
9	123884	719.2	0	123646 238
10	144980	179.8	1	142711 2269
11	180725	44.9	1	178300 2425
12	243641	11.2	1	239650 3991
13	346695	2.8	1	341558 5137
14	540830	0.7	1	532872 7958
15	779204	0.2	1	765925 13279
16	1001952	0.0	1	985402 16550
17	1205484	0.0	1	1183702 21782
18	1307603	0.0	1	1280048 27367 188
19	1516473	0.0	1	1485152 30963 358
20	2027956	0.0	2	1975362 48901 3693
21	1883099	0.0	2	1835007 44698 3394
22	2011146	0.0	2	1944851 59901 6394
23	2218571	0.0	2	2137199 71391 9981
24	2308015	0.0	2	2235641 65923 6451
25	2579506	0.0	2	2501781 71663 6062
26	2829322	0.0	2	2744995 77694 6633
27	3202620	0.0	2	3108388 86873 7359
28	3293445	0.0	2	3194138 91349 7958
29	3586492	0.0	2	3475194 101503 9795
30	4193723	0.0	2	4072040 112789 8894
31	4496644	0.0	2	4369067 118718 8859
32	5135385	0.0	2	4993201 133438 8746
33	6029971	0.0	2	5861904 158142 9925
34	6471417	0.0	2	6292723 168631 10063
35	7080800	0.0	2	6886235 183645 10920
36	8110024	0.0	2	7888284 209324 12416
37	8912035	0.0	2	8666170 232246 13619
38	10923410	0.0	2	10627173 280860 15377
39	10477160	0.0	2	10191503 270702 14955
40	12798643	0.0	2	12450560 330416 17667
41	13671287	0.0	2	13298047 353781 19459
42	14783103	0.0	2	14380296 381914 20893
43	13214482	0.0	2	12840803 353673 20006
44	6024377	0.0	2	5851332 163600 9445
45	1956166	0.0	2	1897654 55020 3492
46	1604136	0.0	2	1556426 44769 2941
47	1428658	0.0	2	1385452 40543 2663
48	1213554	0.0	2	1176557 34544 2453
49	1003809	0.0	2	972887 28885 2037
50	902934	0.0	2	875758 25552 1624
51	719817	0.0	2	697005 21397 1415
52	580316	0.0	2	562659 16542 1115
53	481290	0.0	2	466209 14194 887
54	375368	0.0	2	363583 11130 655
55	298983	0.0	2	289203 9181 599
56	253094	0.0	2	244783 7800 511
57	171457	0.0	2	165575 5478 404
58	65846	0.0	2	63308 2353 185
59	34925	0.0	2	33624 1211 90
60	28117	0.0	2	27056 987 74
61	34757	0.0	2	33455 1214 88
62	76595	0.0	2	73869 2579 147
63	9998	0.0	2	9577 380 41
64	5737	0.0	2	5484 234 19
65	3069	0.0	2	2919 141 9
66	12657	0.0	2	12105 515 37
67	3294	0.0	2	3138 147 9
68	1293	0.0	2	1217 65 11
69	1405	0.0	2	1325 68 12
70	1615	0.0	2	1522 86 7
71	1186	0.0	2	1072 98 16
72	498	0.0	2	473 25
73	1692	0.0	2	1566 111 15
74	18758	0.0	2	18006 717 35
75	718	0.0	2	644 67 7
76	14595	0.0	2	12411 982 1202
